601
602
603
604
605
606
610
611
612
613
614
616
617
622
623
624
627
631
636
637
638
641
646
647
650
652
653
656
659
660
662
664
667
669
670
674
676
677
678
680
681
682
683
685
687
688
690
692
693
694
698
703
704
705
707
714
715
716
717
718
719
720
721
723
725
726
727
728
729
730
731
732
733
734
735
736
737
738
739
740
741
742
744
745
751
754
757
765
766
767
769
771
772
773
775
777
778
780
782
783
784
785
786
791
792
794
795
901
902
906
907
908
909
910
911
912
913
914
915
916
917
918
919
920
921
922
923
924
925
926
927
928
929
930
931
933
934
935
936
937
939
940
949
950
951
952
953
954
955
956
957
958
959
960
961
962
963
965
966
968
969
970
971
975
976
977
978
979
981
982
983
984
985
986
987
988
