96201
96202
96203
96204
96205
96206
96207
96208
96209
96210
96212
96213
96214
96215
96217
96218
96219
96220
96221
96224
96251
96257
96258
96259
96260
96262
96264
96266
96267
96269
96271
96273
96275
96276
96278
96283
96284
96297
96301
96303
96306
96309
96310
96311
96313
96319
96321
96322
96323
96326
96328
96330
96331
96336
96337
96338
96339
96343
96346
96347
96348
96349
96350
96351
96362
96365
96367
96368
96370
96372
96373
96374
96375
96376
96377
96378
96379
96380
96382
96384
96385
96386
96387
96388
96389
96400
96401
96426
96427
96444
96447
96501
96502
96503
96504
96505
96507
96510
96511
96515
96516
96517
96518
96520
96521
96522
96530
96531
96532
96534
96535
96536
96537
96538
96540
96541
96542
96543
96544
96546
96547
96548
96549
96550
96551
96552
96553
96554
96555
96557
96562
96577
96578
96595
96598
96599
96601
96602
96603
96604
96605
96606
96607
96608
96609
96610
96611
96612
96613
96614
96615
96616
96617
96619
96620
96621
96622
96624
96628
96629
96631
96632
96634
96643
96649
96650
96657
96660
96661
96662
96663
96664
96665
96666
96667
96668
96669
96670
96671
96672
96673
96674
96675
96677
96678
96679
96681
96682
96683
96686
96687
96691
96692
96693
96694
96695
96696
96698
97003
