9001
9002
9003
9004
9005
9006
9007
9008
9009
9010
9011
9012
9013
9014
9016
9017
9018
9020
9021
9028
9031
9033
9034
9036
9038
9042
9044
9045
9046
9049
9051
9053
9054
9055
9056
9058
9059
9060
9063
9067
9068
9069
9074
9075
9076
9079
9080
9081
9086
9088
9089
9090
9092
9094
9095
9096
9099
9100
9102
9103
9104
9107
9110
9112
9114
9123
9125
9126
9128
9131
9136
9137
9138
9139
9140
9142
9143
9154
9160
9161
9165
9166
9169
9172
9173
9175
9177
9180
9182
9183
9185
9186
9201
9203
9204
9211
9212
9213
9214
9225
9226
9227
9229
9237
9244
9245
9250
9252
9261
9262
9263
9264
9265
9266
9267
9300
9301
9302
9303
9304
9305
9306
9307
9308
9309
9310
9311
9312
9313
9314
9315
9316
9317
9318
9319
9320
9321
9322
9323
9324
9327
9328
9330
9331
9332
9333
9334
9336
9337
9338
9339
9340
9342
9343
9344
9346
9347
9348
9350
9351
9352
9353
9354
9355
9356
9357
9358
9359
9360
9361
9362
9363
9364
9365
9366
9367
9368
9369
9370
9371
9372
9373
9374
9375
9376
9377
9378
9379
9380
9381
9382
9383
9384
9386
9387
9388
9389
9390
9391
9393
9394
9396
9397
9399
9402
9403
9409
9420
9421
9447
9454
9456
9459
9461
9463
9464
9468
9469
9470
9494
9496
9497
9498
9499
9501
9502
9503
9504
9505
9506
9507
9508
9509
9510
9511
9513
9517
9520
9522
9523
9524
9532
9534
9543
9545
9549
9550
9554
9556
9557
9564
9565
9566
9567
9568
9569
9570
9573
9574
9575
9576
9577
9578
9579
9581
9582
9583
9586
9587
9588
9589
9590
9591
9592
9593
9594
9595
9596
9599
9600
9601
9602
9603
9604
9605
9606
9607
9608
9609
9610
9611
9612
9613
9614
9617
9618
9619
9620
9621
9622
9623
9624
9625
9626
9627
9630
9631
9633
9636
9642
9643
9644
9645
9647
9648
9649
9701
9702
9703
9704
9705
9706
9707
9708
9709
9710
9711
9712
9713
9714
9715
9716
9717
9718
9719
9720
9721
9722
9723
9724
9725
9726
9727
9728
9729
9730
9731
9732
9733
9734
9735
9736
9737
9738
9739
9740
9741
9742
9743
9744
9745
9746
9747
9748
9749
9750
9751
9752
9753
9754
9755
9756
9757
9758
9759
9760
9761
9762
9769
9771
9777
9780
9789
9790
9798
9800
9801
9802
9803
9804
9805
9806
9807
9808
9809
9810
9811
9812
9813
9814
9815
9816
9817
9818
9819
9820
9821
9822
9823
9824
9825
9826
9827
9828
9829
9830
9831
9832
9833
9834
9835
9836
9837
9838
9839
9840
9841
9842
9843
9844
9845
9846
9847
9848
9851
9852
9853
9854
9855
9858
9859
9861
9862
9863
9865
9868
9870
9871
9872
9873
9874
9875
9876
9880
9888
9890
9892
9895
9898
