6001
6002
6006
6010
6011
6013
6016
6018
6019
6020
6021
6022
6023
6024
6025
6026
6027
6028
6029
6030
6031
6032
6033
6034
6035
6037
6039
6040
6041
6042
6043
6045
6050
6051
6052
6053
6057
6058
6059
6060
6061
6062
6063
6064
6065
6066
6067
6068
6069
6070
6071
6072
6073
6074
6075
6076
6077
6078
6079
6080
6081
6082
6083
6084
6085
6087
6088
6089
6090
6091
6092
6093
6094
6095
6096
6098
6101
6102
6103
6104
6105
6106
6107
6108
6109
6110
6111
6112
6114
6115
6117
6118
6119
6120
6123
6126
6127
6128
6129
6131
6132
6133
6134
6137
6138
6140
6141
6142
6143
6144
6145
6146
6147
6150
6151
6152
6153
6154
6155
6156
6160
6161
6167
6176
6180
6183
6199
6226
6230
6231
6232
6233
6234
6235
6237
6238
6239
6241
6242
6243
6244
6245
6246
6247
6248
6249
6250
6251
6254
6255
6256
6258
6259
6260
6262
6263
6264
6265
6266
6267
6268
6269
6277
6278
6279
6280
6281
6282
6320
6330
6331
6332
6333
6334
6335
6336
6338
6339
6340
6349
6350
6351
6353
6354
6355
6357
6359
6360
6365
6370
6371
6372
6373
6374
6375
6376
6377
6378
6379
6380
6382
6383
6384
6385
6386
6387
6388
6389
6401
6403
6404
6405
6408
6409
6410
6411
6412
6413
6414
6415
6416
6417
6418
6419
6420
6422
6423
6424
6426
6437
6438
6439
6440
6441
6442
6443
6444
6447
6450
6451
6454
6455
6456
6457
6459
6460
6461
6467
6468
6469
6470
6471
6472
6473
6474
6475
6477
6478
6479
6480
6481
6482
6483
6484
6487
6488
6489
6491
6492
6493
6494
6495
6497
6498
6501
6502
6503
6504
6505
6506
6507
6508
6509
6510
6511
6512
6513
6514
6515
6516
6517
6518
6519
6520
6521
6524
6525
6530
6531
6532
6533
6534
6535
6536
6537
6538
6540
6601
6602
6604
6605
6606
6607
6608
6610
6611
6612
6614
6615
6650
6673
6699
6701
6702
6703
6704
6705
6706
6708
6710
6712
6716
6720
6721
6722
6723
6724
6725
6726
6749
6750
6751
6752
6753
6754
6755
6756
6757
6758
6759
6762
6763
6770
6776
6777
6778
6779
6781
6782
6783
6784
6785
6786
6787
6790
6791
6792
6793
6794
6795
6796
6798
6801
6804
6807
6810
6811
6812
6813
6814
6816
6817
6820
6824
6825
6828
6829
6830
6831
6832
6836
6838
6840
6842
6850
6851
6852
6853
6854
6855
6856
6857
6858
6859
6860
6870
6875
6876
6877
6878
6879
6880
6881
6883
6888
6889
6890
6896
6897
6901
6902
6903
6904
6905
6906
6907
6910
6911
6912
6913
6914
6920
6921
6922
6925
6926
6927
6928
