1001
1002
1003
1004
1005
1007
1008
1009
1010
1011
1012
1013
1014
1020
1021
1022
1026
1027
1028
1029
1030
1031
1032
1033
1034
1035
1036
1037
1038
1039
1040
1041
1050
1053
1054
1056
1057
1059
1060
1061
1062
1063
1066
1068
1069
1070
1071
1072
1073
1074
1075
1077
1079
1080
1081
1082
1083
1084
1085
1086
1088
1089
1090
1092
1093
1094
1095
1096
1097
1098
1101
1102
1103
1104
1105
1106
1107
1108
1109
1111
1115
1116
1118
1119
1128
1129
1133
1138
1139
1144
1151
1152
1195
1199
1201
1202
1203
1220
1222
1223
1224
1225
1226
1227
1229
1230
1235
1236
1237
1238
1240
1242
1243
1244
1245
1247
1252
1253
1254
1255
1256
1257
1258
1259
1260
1262
1263
1264
1266
1267
1270
1301
1302
1330
1331
1337
1338
1339
1340
1341
1342
1343
1344
1346
1347
1349
1350
1351
1354
1355
1360
1364
1366
1367
1368
1370
1373
1375
1376
1378
1379
1380
1420
1430
1431
1432
1434
1436
1438
1440
1441
1450
1451
1452
1453
1460
1462
1463
1464
1467
1468
1469
1470
1471
1472
1473
1474
1475
1477
1501
1503
1504
1505
1506
1507
1508
1509
1510
1515
1516
1517
1518
1519
1520
1521
1522
1523
1524
1525
1526
1527
1529
1531
1532
1534
1535
1536
1537
1538
1540
1541
1542
1543
1545
1546
1550
1560
1561
1562
1564
1566
1568
1569
1570
1571
1580
1581
1582
1583
1585
1586
1588
1590
1601
1602
1603
1604
1605
1606
1607
1608
1609
1610
1611
1612
1613
1614
1615
1653
1654
1655
1701
1702
1703
1704
1705
1718
1719
1720
1721
1730
1731
1740
1741
1742
1745
1746
1747
1748
1749
1752
1754
1756
1757
1760
1770
1772
1773
1775
1776
1778
1784
1801
1803
1805
1806
1807
1808
1810
1812
1813
1815
1821
1822
1824
1826
1827
1830
1831
1832
1833
1834
1835
1840
1841
1842
1843
1844
1845
1850
1851
1852
1853
1854
1860
1862
1863
1864
1865
1866
1867
1876
1879
1880
1885
1886
1887
1888
1889
1890
1899
1901
1902
1903
1904
1905
1906
1907
1908
1910
1913
1915
1921
1922
1923
1929
1930
1931
1936
1937
1938
1940
1944
1945
1949
1950
1951
1952
1960
1961
1965
1966
1969
1970
1971
1982
1983
1984
1985
2018
2019
2020
2021
2025
2026
2027
2030
2031
2032
2035
2038
2040
2041
2043
2044
2045
2047
2048
2050
2051
2052
2053
2054
2055
2056
2059
2060
2061
2062
2065
2066
2067
2070
2071
2072
2081
2090
2093
2108
2109
2110
2111
2112
2113
2114
2115
2116
2117
2118
2119
2120
2121
2122
2123
2124
2125
2126
2127
2128
2129
2130
2131
2132
2133
2134
2135
2136
2137
2138
2139
2140
2141
2142
2143
2144
2145
2148
2149
2150
2151
2152
2153
2155
2156
2163
2169
2170
2171
2176
2180
2184
2185
2186
2187
2188
2189
2190
2191
2196
2199
2201
2203
2204
2205
2206
2207
2210
2211
2212
2215
2216
2217
2222
2228
2238
2239
2241
2266
2269
2283
2284
2293
2295
2297
2298
2301
2302
2303
2304
2305
2322
2324
2325
2327
2330
2331
2332
2333
2334
2337
2338
2339
2340
2341
2343
2344
2345
2346
2347
2348
2349
2350
2351
2355
2356
2357
2358
2359
2360
2361
2362
2364
2366
2367
2368
2370
2375
2379
2381
2382
2420
2421
2445
2446
2447
2451
2452
2453
2454
2455
2456
2457
2458
2459
2460
2461
2462
2464
2465
2466
2467
2468
2471
2472
2474
2475
2476
2477
2478
2479
2481
2482
2492
2493
2494
2495
2532
2534
2535
2536
2537
2538
2539
2540
2541
2542
2543
2552
2553
2554
2556
2557
2558
2559
2561
2562
2563
2564
2565
2568
2571
2573
2574
2575
2576
2584
2601
2630
2631
2632
2633
2634
2635
2636
2637
2638
2639
2641
2642
2643
2644
2645
2646
2647
2648
2649
2650
2651
2652
2653
2655
2657
2659
2660
2661
2662
2663
2664
2666
2667
2668
2669
2670
2671
2672
2673
2675
2702
2703
2712
2713
2714
2715
2717
2718
2719
2720
2721
2722
2723
2724
2725
2726
2738
2739
2740
2741
2742
2743
2744
2745
2746
2747
2748
2760
2761
2762
2763
2764
2766
2767
2768
2769
2770
2771
2777
2779
2780
2783
2790
2791
5501
5544
