5001
5009
5030
5031
5032
5033
5034
5035
5036
5037
5038
5039
5040
5041
5042
5043
5045
5046
5047
5048
5049
5050
5051
5052
5053
5054
5055
5056
5058
5059
5060
5061
5062
5065
5067
5068
5069
5070
5071
5072
5073
5074
5075
5076
5077
5079
5081
5083
5084
5085
5086
5088
5089
5091
5101
5141
5142
5143
5144
5146
5148
5149
5150
5151
5152
5153
5154
5155
5156
5158
5159
5161
5201
5250
5251
5252
5253
5254
5255
5257
5260
5261
5262
5301
5302
5303
5304
5340
5341
5342
5343
5344
5345
5346
5350
5351
5352
5353
5354
5355
5356
5357
5358
5359
5360
5361
5362
5363
5401
5402
5403
5404
5405
5406
5407
5408
5439
5440
5441
5442
5443
5444
5445
5446
5447
5448
5449
5450
5451
5452
5453
5454
5455
5456
5457
5458
5459
5460
5461
5462
5463
5464
5465
5466
5468
5469
5470
5471
5472
5473
5474
5476
5477
5478
5479
5481
5482
5483
5485
5486
5487
5488
5489
5490
5491
5492
5494
5495
5601
5602
5603
5604
5609
5620
5633
5640
5641
5647
5648
5649
5650
5651
5652
5653
5654
5655
5656
5657
5658
5660
5661
5662
5663
5664
5665
5666
5667
5669
5670
5671
5672
5673
5674
5675
5676
5677
5678
5679
5680
5681
5682
5701
5702
5730
5731
5732
5733
5734
5735
5736
5737
5738
5739
5740
5741
5742
5743
5744
5745
5746
5747
5748
5750
5751
5753
5757
5758
5759
5760
5761
5762
5763
5764
5765
5766
5767
5768
5769
5770
5772
5773
5774
5775
5776
5777
5778
5819
5820
5821
5822
5823
5824
5825
5826
5827
5828
5829
5830
5832
5833
5836
5837
5838
5839
5840
5841
5842
5843
5845
5846
5847
5848
5849
5850
5851
5853
5855
5857
5858
5859
5860
5861
5862
5863
5866
5867
5868
5871
5872
5873
5874
5875
5901
5902
5903
5904
5905
5906
5907
