3901
3902
3903
3904
3905
3906
3907
3908
3909
3910
3911
4001
4002
4003
4004
4005
4006
4007
4008
4009
4010
4011
4013
4014
4015
4016
4017
4019
4020
4021
4022
4024
4027
4028
4029
4030
4032
4033
4034
4037
4038
4039
4040
4041
4042
4043
4046
4047
4048
4049
4050
4051
4054
4055
4056
4057
4061
4062
4063
4064
4066
4068
4069
4070
4071
4072
4073
4074
4075
4076
4077
4078
4079
4082
4083
4084
4085
4086
4087
4088
4090
4091
4092
4093
4094
4095
4096
4097
4098
4101
4102
4103
4104
4105
4106
4107
4108
4109
4110
4112
4116
4122
4123
4124
4210
4211
4212
4216
4217
4219
4220
4221
4222
4223
4224
4225
4226
4227
4228
4230
4231
4234
4236
4237
4238
4239
4240
4241
4243
4250
4252
4253
4254
4255
4256
4257
4258
4259
4260
4261
4262
4263
4265
4266
4267
4268
4270
4271
4274
4275
4276
4280
4281
4282
4284
4285
4286
4287
4288
4289
4290
4291
4292
4294
4330
4332
4333
4336
4338
4341
4342
4343
4344
4345
4346
4347
4348
4349
4350
4351
4352
4353
4354
4355
4357
4358
4359
4360
4363
4364
4401
4402
4406
4408
4410
4411
4412
4413
4414
4415
4416
4417
4418
4419
4420
4421
4422
4424
4426
4427
4428
4429
4430
4431
4434
4435
4438
4441
4442
4443
4444
4448
4449
4450
4451
4453
4454
4455
4456
4457
4459
4460
4461
4462
4463
4464
4467
4468
4469
4471
4472
4473
4474
4475
4476
4478
4479
4481
4485
4487
4488
4489
4490
4491
4492
4493
4495
4496
4497
4530
4535
4537
4538
4539
4541
4543
4544
4547
4548
4549
4551
4553
4554
4555
4556
4558
4562
4563
4564
4565
4568
4570
4571
4572
4573
4574
4575
4576
4578
4579
4605
4606
4607
4609
4611
4612
4613
4614
4616
4617
4619
4622
4623
4624
4625
4626
4627
4628
4629
4630
4631
4634
4635
4637
4640
4642
4643
4644
4645
4646
4648
4649
4650
4652
4653
4654
4655
4657
4658
4660
4662
4664
4666
4667
4668
4669
4671
4672
4673
4674
4675
4676
4677
4679
4680
4681
4683
4684
4685
4686
4691
4693
4694
4730
4732
4733
4734
4735
4736
4737
4738
4739
4740
4741
4742
4743
4744
4745
4746
4747
4750
4751
4756
4757
4758
4760
4761
4762
4763
4764
4765
4766
4768
4769
4772
4773
4774
4775
4776
4777
4779
4780
4781
4783
4785
4786
4787
4841
4843
4846
4847
4848
4849
4850
4851
4852
4853
4854
4855
4856
4858
4859
4860
4861
4862
4863
4864
4865
4901
4903
4910
4911
4912
4915
4917
4918
4920
4921
4922
4923
4924
4925
4926
4927
4928
4929
4930
4932
4933
4935
4936
4937
4938
4939
4940
4941
4942
4943
4944
4945
4947
4949
4950
4951
4952
4953
4954
4955
4956
4957
4958
4961
4962
4963
4964
4965
4966
4967
4969
4970
4971
4972
4973
4974
4975
4976
4978
4979
4981
4982
4983
4984
4985
4986
4987
4988
4989
4992
