3031
3032
3033
3034
3036
3037
3038
3040
3041
3042
3043
3044
3045
3046
3047
3048
3049
3051
3052
3053
3054
3055
3057
3060
3061
3062
3063
3064
3070
3071
3073
3076
3077
3079
3082
3084
3086
3087
3101
3102
3103
3104
3105
3106
3107
3108
3109
3110
3111
3215
3216
3217
3218
3220
3221
3222
3223
3224
3225
3226
3227
3229
3230
3231
3233
3234
3235
3237
3238
3240
3241
3242
3243
3244
3245
3246
3247
3249
3251
3252
3253
3254
3255
3256
3257
3258
3259
3260
3261
3262
3263
3264
3266
3268
3269
3272
3273
3274
3275
3276
3278
3279
3280
3281
3282
3284
3285
3287
3289
3290
3291
3293
3298
3299
3301
3302
3303
3304
3305
3307
3431
3435
3440
3441
3442
3443
3444
3445
3446
3447
3448
3449
3450
3451
3452
3455
3456
3457
3458
3461
3462
3464
3465
3466
3467
3468
3469
3470
3561
3570
3574
3575
3576
3579
3580
3581
3582
3583
3584
3585
3586
3588
3589
3590
3592
3593
3595
3597
3598
3601
3602
3603
3604
3605
3607
3608
3609
3740
3741
3743
3745
3746
3748
3749
3750
3751
3752
3753
3754
3755
3756
3765
3766
3768
3769
3770
3771
3773
3774
3777
3779
3780
3781
3782
3784
3785
3801
3802
3803
3804
3805
3809
3810
3811
3812
3813
3814
3815
3816
3817
3818
3819
3820
3821
3822
3823
3824
3825
3826
3827
3830
3832
3833
3835
3836
3837
3838
3839
3840
3841
3842
3843
3844
3845
3846
3847
3848
3849
3850
3851
3852
3853
3854
3855
3856
3857
3858
3859
3860
3861
3862
3864
3865
3866
3867
3868
3869
3870
3871
3872
3873
3874
3875
3878
3882
3883
3884
3885
3886
3887
3890
3894
3896
3897
